{
 "cells": [
  {
   "cell_type": "code",
   "execution_count": 106,
   "metadata": {},
   "outputs": [],
   "source": [
    "import numpy as np\n",
    "import timeit"
   ]
  },
  {
   "cell_type": "code",
   "execution_count": 107,
   "metadata": {},
   "outputs": [],
   "source": [
    "a = np.array([1, 2, 3, 4])\n",
    "b = np.array([0, 100, 5, 1])\n",
    "j = np.array([[80, 0], [0, 80]])"
   ]
  },
  {
   "cell_type": "code",
   "execution_count": 108,
   "metadata": {},
   "outputs": [
    {
     "data": {
      "text/plain": [
       "array([[80,  0],\n",
       "       [ 0, 80]])"
      ]
     },
     "execution_count": 108,
     "metadata": {},
     "output_type": "execute_result"
    }
   ],
   "source": [
    "j"
   ]
  },
  {
   "cell_type": "code",
   "execution_count": 109,
   "metadata": {},
   "outputs": [
    {
     "data": {
      "text/plain": [
       "array([[[  1],\n",
       "        [  0]],\n",
       "\n",
       "       [[  2],\n",
       "        [100]],\n",
       "\n",
       "       [[  3],\n",
       "        [  5]],\n",
       "\n",
       "       [[  4],\n",
       "        [  1]]])"
      ]
     },
     "execution_count": 109,
     "metadata": {},
     "output_type": "execute_result"
    }
   ],
   "source": [
    "v = np.stack((a, b), axis=1)[:, :, np.newaxis]\n",
    "v"
   ]
  },
  {
   "cell_type": "code",
   "execution_count": 110,
   "metadata": {},
   "outputs": [
    {
     "data": {
      "text/plain": [
       "array([[[  80],\n",
       "        [   0]],\n",
       "\n",
       "       [[ 160],\n",
       "        [8000]],\n",
       "\n",
       "       [[ 240],\n",
       "        [ 400]],\n",
       "\n",
       "       [[ 320],\n",
       "        [  80]]])"
      ]
     },
     "execution_count": 110,
     "metadata": {},
     "output_type": "execute_result"
    }
   ],
   "source": [
    "j @ v"
   ]
  },
  {
   "cell_type": "code",
   "execution_count": 111,
   "metadata": {},
   "outputs": [
    {
     "name": "stdout",
     "output_type": "stream",
     "text": [
      "Wall time: 749 ms\n"
     ]
    }
   ],
   "source": [
    "%%time\n",
    "for _ in range(int(1e5)):\n",
    "    np.stack((a, b), axis=1)[:, :, np.newaxis]"
   ]
  },
  {
   "cell_type": "code",
   "execution_count": 112,
   "metadata": {},
   "outputs": [
    {
     "name": "stdout",
     "output_type": "stream",
     "text": [
      "Wall time: 760 ms\n"
     ]
    }
   ],
   "source": [
    "%%time\n",
    "for _ in range(int(1e5)):\n",
    "    np.stack((a, b), axis=1).reshape(4, 2, 1)"
   ]
  },
  {
   "cell_type": "code",
   "execution_count": 113,
   "metadata": {},
   "outputs": [
    {
     "data": {
      "text/plain": [
       "array([[[  1],\n",
       "        [  0]],\n",
       "\n",
       "       [[  2],\n",
       "        [100]],\n",
       "\n",
       "       [[  3],\n",
       "        [  5]],\n",
       "\n",
       "       [[  4],\n",
       "        [  1]]])"
      ]
     },
     "execution_count": 113,
     "metadata": {},
     "output_type": "execute_result"
    }
   ],
   "source": [
    "v"
   ]
  },
  {
   "cell_type": "code",
   "execution_count": 114,
   "metadata": {},
   "outputs": [
    {
     "data": {
      "text/plain": [
       "array([[  1,   0],\n",
       "       [  2, 100],\n",
       "       [  3,   5],\n",
       "       [  4,   1]])"
      ]
     },
     "execution_count": 114,
     "metadata": {},
     "output_type": "execute_result"
    }
   ],
   "source": [
    "np.squeeze(v, axis=2)"
   ]
  },
  {
   "cell_type": "code",
   "execution_count": 115,
   "metadata": {},
   "outputs": [
    {
     "ename": "NameError",
     "evalue": "name 'transpose' is not defined",
     "output_type": "error",
     "traceback": [
      "\u001b[1;31m---------------------------------------------------------------------------\u001b[0m",
      "\u001b[1;31mNameError\u001b[0m                                 Traceback (most recent call last)",
      "\u001b[1;32m~\\AppData\\Local\\Temp/ipykernel_16020/1342951579.py\u001b[0m in \u001b[0;36m<module>\u001b[1;34m\u001b[0m\n\u001b[1;32m----> 1\u001b[1;33m \u001b[0mtranspose\u001b[0m\u001b[1;33m(\u001b[0m\u001b[0mv\u001b[0m\u001b[1;33m)\u001b[0m\u001b[1;33m\u001b[0m\u001b[1;33m\u001b[0m\u001b[0m\n\u001b[0m",
      "\u001b[1;31mNameError\u001b[0m: name 'transpose' is not defined"
     ]
    }
   ],
   "source": [
    "transpose(v)"
   ]
  },
  {
   "cell_type": "code",
   "execution_count": null,
   "metadata": {},
   "outputs": [],
   "source": [
    "x = np.array([[[-31.54700538,  31.54700538,   8.45299462,  -8.45299462],\n",
    "        [-31.54700538,  31.54700538,   8.45299462,  -8.45299462],\n",
    "        [ -8.45299462,   8.45299462,  31.54700538, -31.54700538],\n",
    "        [ -8.45299462,   8.45299462,  31.54700538, -31.54700538]],\n",
    "\n",
    "       [[-31.54700538,  -8.45299462,   8.45299462,  31.54700538],\n",
    "        [ -8.45299462, -31.54700538,  31.54700538,   8.45299462],\n",
    "        [ -8.45299462, -31.54700538,  31.54700538,   8.45299462],\n",
    "        [-31.54700538,  -8.45299462,   8.45299462,  31.54700538]]])"
   ]
  },
  {
   "cell_type": "code",
   "execution_count": null,
   "metadata": {},
   "outputs": [
    {
     "data": {
      "text/plain": [
       "array([[[-31.54700538,  31.54700538,   8.45299462,  -8.45299462],\n",
       "        [-31.54700538,  31.54700538,   8.45299462,  -8.45299462],\n",
       "        [ -8.45299462,   8.45299462,  31.54700538, -31.54700538],\n",
       "        [ -8.45299462,   8.45299462,  31.54700538, -31.54700538]],\n",
       "\n",
       "       [[-31.54700538,  -8.45299462,   8.45299462,  31.54700538],\n",
       "        [ -8.45299462, -31.54700538,  31.54700538,   8.45299462],\n",
       "        [ -8.45299462, -31.54700538,  31.54700538,   8.45299462],\n",
       "        [-31.54700538,  -8.45299462,   8.45299462,  31.54700538]]])"
      ]
     },
     "execution_count": 65,
     "metadata": {},
     "output_type": "execute_result"
    }
   ],
   "source": [
    "x"
   ]
  },
  {
   "cell_type": "code",
   "execution_count": null,
   "metadata": {},
   "outputs": [
    {
     "data": {
      "text/plain": [
       "array([[ 995.21354845, -995.21354845, -266.66666675,  266.66666675],\n",
       "       [-995.21354845,  995.21354845,  266.66666675, -266.66666675],\n",
       "       [-266.66666675,  266.66666675,   71.45311805,  -71.45311805],\n",
       "       [ 266.66666675, -266.66666675,  -71.45311805,   71.45311805]])"
      ]
     },
     "execution_count": 86,
     "metadata": {},
     "output_type": "execute_result"
    }
   ],
   "source": [
    "x[0, 0][:, np.newaxis] * x[0, 0] "
   ]
  },
  {
   "cell_type": "code",
   "execution_count": null,
   "metadata": {},
   "outputs": [
    {
     "data": {
      "text/plain": [
       "array([[[-31.54700538,  31.54700538,   8.45299462,  -8.45299462],\n",
       "        [-31.54700538,  -8.45299462,   8.45299462,  31.54700538]],\n",
       "\n",
       "       [[-31.54700538,  31.54700538,   8.45299462,  -8.45299462],\n",
       "        [ -8.45299462, -31.54700538,  31.54700538,   8.45299462]],\n",
       "\n",
       "       [[ -8.45299462,   8.45299462,  31.54700538, -31.54700538],\n",
       "        [ -8.45299462, -31.54700538,  31.54700538,   8.45299462]],\n",
       "\n",
       "       [[ -8.45299462,   8.45299462,  31.54700538, -31.54700538],\n",
       "        [-31.54700538,  -8.45299462,   8.45299462,  31.54700538]]])"
      ]
     },
     "execution_count": 105,
     "metadata": {},
     "output_type": "execute_result"
    }
   ],
   "source": [
    "r = np.stack((x[0], x[1]), axis=1)\n",
    "r"
   ]
  },
  {
   "cell_type": "code",
   "execution_count": 147,
   "metadata": {},
   "outputs": [
    {
     "data": {
      "text/plain": [
       "array([[[ 995.21354845, -995.21354845, -266.66666675,  266.66666675],\n",
       "        [-995.21354845,  995.21354845,  266.66666675, -266.66666675],\n",
       "        [-266.66666675,  266.66666675,   71.45311805,  -71.45311805],\n",
       "        [ 266.66666675, -266.66666675,  -71.45311805,   71.45311805]],\n",
       "\n",
       "       [[ 995.21354845, -995.21354845, -266.66666675,  266.66666675],\n",
       "        [-995.21354845,  995.21354845,  266.66666675, -266.66666675],\n",
       "        [-266.66666675,  266.66666675,   71.45311805,  -71.45311805],\n",
       "        [ 266.66666675, -266.66666675,  -71.45311805,   71.45311805]],\n",
       "\n",
       "       [[  71.45311805,  -71.45311805, -266.66666675,  266.66666675],\n",
       "        [ -71.45311805,   71.45311805,  266.66666675, -266.66666675],\n",
       "        [-266.66666675,  266.66666675,  995.21354845, -995.21354845],\n",
       "        [ 266.66666675, -266.66666675, -995.21354845,  995.21354845]],\n",
       "\n",
       "       [[  71.45311805,  -71.45311805, -266.66666675,  266.66666675],\n",
       "        [ -71.45311805,   71.45311805,  266.66666675, -266.66666675],\n",
       "        [-266.66666675,  266.66666675,  995.21354845, -995.21354845],\n",
       "        [ 266.66666675, -266.66666675, -995.21354845,  995.21354845]]])"
      ]
     },
     "execution_count": 147,
     "metadata": {},
     "output_type": "execute_result"
    }
   ],
   "source": [
    "r[:, 0][:, :, np.newaxis] * r[:, 0][:, np.newaxis]"
   ]
  },
  {
   "cell_type": "code",
   "execution_count": 146,
   "metadata": {},
   "outputs": [
    {
     "data": {
      "text/plain": [
       "array([[[ 995.21354845,  266.66666675, -266.66666675, -995.21354845],\n",
       "        [ 266.66666675,   71.45311805,  -71.45311805, -266.66666675],\n",
       "        [-266.66666675,  -71.45311805,   71.45311805,  266.66666675],\n",
       "        [-995.21354845, -266.66666675,  266.66666675,  995.21354845]],\n",
       "\n",
       "       [[  71.45311805,  266.66666675, -266.66666675,  -71.45311805],\n",
       "        [ 266.66666675,  995.21354845, -995.21354845, -266.66666675],\n",
       "        [-266.66666675, -995.21354845,  995.21354845,  266.66666675],\n",
       "        [ -71.45311805, -266.66666675,  266.66666675,   71.45311805]],\n",
       "\n",
       "       [[  71.45311805,  266.66666675, -266.66666675,  -71.45311805],\n",
       "        [ 266.66666675,  995.21354845, -995.21354845, -266.66666675],\n",
       "        [-266.66666675, -995.21354845,  995.21354845,  266.66666675],\n",
       "        [ -71.45311805, -266.66666675,  266.66666675,   71.45311805]],\n",
       "\n",
       "       [[ 995.21354845,  266.66666675, -266.66666675, -995.21354845],\n",
       "        [ 266.66666675,   71.45311805,  -71.45311805, -266.66666675],\n",
       "        [-266.66666675,  -71.45311805,   71.45311805,  266.66666675],\n",
       "        [-995.21354845, -266.66666675,  266.66666675,  995.21354845]]])"
      ]
     },
     "execution_count": 146,
     "metadata": {},
     "output_type": "execute_result"
    }
   ],
   "source": [
    "r[:, 1][:, :, np.newaxis] * r[:, 1][:, np.newaxis]"
   ]
  },
  {
   "cell_type": "code",
   "execution_count": 145,
   "metadata": {},
   "outputs": [
    {
     "data": {
      "text/plain": [
       "array([[[-31.54700538,  31.54700538,   8.45299462,  -8.45299462]],\n",
       "\n",
       "       [[-31.54700538,  31.54700538,   8.45299462,  -8.45299462]],\n",
       "\n",
       "       [[ -8.45299462,   8.45299462,  31.54700538, -31.54700538]],\n",
       "\n",
       "       [[ -8.45299462,   8.45299462,  31.54700538, -31.54700538]]])"
      ]
     },
     "execution_count": 145,
     "metadata": {},
     "output_type": "execute_result"
    }
   ],
   "source": [
    "r[:, 0][:, np.newaxis]"
   ]
  },
  {
   "cell_type": "code",
   "execution_count": 139,
   "metadata": {},
   "outputs": [
    {
     "data": {
      "text/plain": [
       "array([[[-31.54700538],\n",
       "        [ 31.54700538],\n",
       "        [  8.45299462],\n",
       "        [ -8.45299462]],\n",
       "\n",
       "       [[-31.54700538],\n",
       "        [ 31.54700538],\n",
       "        [  8.45299462],\n",
       "        [ -8.45299462]],\n",
       "\n",
       "       [[ -8.45299462],\n",
       "        [  8.45299462],\n",
       "        [ 31.54700538],\n",
       "        [-31.54700538]],\n",
       "\n",
       "       [[ -8.45299462],\n",
       "        [  8.45299462],\n",
       "        [ 31.54700538],\n",
       "        [-31.54700538]]])"
      ]
     },
     "execution_count": 139,
     "metadata": {},
     "output_type": "execute_result"
    }
   ],
   "source": [
    "r[:, 0][:, :, np.newaxis]"
   ]
  },
  {
   "cell_type": "code",
   "execution_count": null,
   "metadata": {},
   "outputs": [],
   "source": [
    "np.multiply()"
   ]
  }
 ],
 "metadata": {
  "interpreter": {
   "hash": "63fd5069d213b44bf678585dea6b12cceca9941eaf7f819626cde1f2670de90d"
  },
  "kernelspec": {
   "display_name": "Python 3.9.7 64-bit",
   "language": "python",
   "name": "python3"
  },
  "language_info": {
   "codemirror_mode": {
    "name": "ipython",
    "version": 3
   },
   "file_extension": ".py",
   "mimetype": "text/x-python",
   "name": "python",
   "nbconvert_exporter": "python",
   "pygments_lexer": "ipython3",
   "version": "3.9.7"
  },
  "orig_nbformat": 4
 },
 "nbformat": 4,
 "nbformat_minor": 2
}
